674 1
675 1
915 1
100 1
692 1
758 1
766 1
846 1
853 1
769 1
114 1
123 1
132 1
119 1
876 1
127 1
206 1
214 1
301 1
150 1
222 1
223 1
151 1
303 1
145 1
153 1
241 1
162 1
320 1
306 1
307 2
322 1
315 1
308 1
157 1
309 1
323 1
3204 1
158 1
403 1
173 1
324 1
246 1
411 1
168 1
248 1
420 1
169 1
263 1
256 1
500 1
501 1
329 1
351 1
266 1
345 1
274 1
346 2
268 1
197 1
283 1
355 1
290 1
269 1
276 1
198 1
349 1
370 1
521 1
284 1
522 1
443 1
438 1
524 1
439 1
611 1
85 1
519 1
454 1
86 1
93 1
461 1
534 1
620 1
448 1
470 1
542 1
298 1
529 2
622 1
701 1
379 1
631 1
617 1
467 1
1008 1
475 1
396 1
712 1
633 1
627 1
562 1
476 1
1103 1
563 1
714 1
565 1
566 1
652 1
653 1
661 1
