588 1
1150 1
596 1
598 2
100 1
599 1
102 1
697 1
120 1
106 2
6877 1
122 1
859 1
123 1
116 2
131 1
124 2
117 2
1335 1
118 1
963 1
136 1
2067 1
129 1
145 1
152 1
161 1
306 1
400 1
170 1
163 1
1368 1
243 1
987 1
12624 1
410 1
412 1
340 1
333 1
319 1
45 1
414 1
501 1
6443 1
422 1
179 1
338 1
56 1
49 1
281 1
57 1
433 1
3985 1
505 1
4857 1
291 1
514 1
436 1
75 1
508 1
523 1
516 1
530 2
509 1
83 1
524 1
78 1
533 1
454 1
541 1
94 1
470 1
700 1
95 1
456 1
528 1
701 1
529 1
608 1
458 1
544 1
472 1
616 1
473 1
538 1
98 1
552 1
480 1
546 1
99 1
553 1
561 1
547 1
706 1
9960 1
491 2
570 1
635 1
399 1
492 1
564 1
479 1
486 1
1019 1
4 1
652 1
580 2
495 1
575 1
1951 1
5798 1
584 1
577 1
498 1
592 1
579 1
658 1
