2828 1
760 1
667 1
753 1
840 1
589 1
690 1
3478 1
834 1
3716 1
691 1
598 1
3580 1
100 1
4444 1
101 5
772 1
102 2
103 3
110 1
695 1
3648 1
104 4
111 1
105 1
3736 1
106 3
113 1
107 3
3911 1
122 1
3912 1
109 1
116 3
880 1
130 1
124 1
131 1
3005 1
132 4
118 1
126 1
869 1
119 2
140 2
212 1
134 1
220 1
127 1
142 2
885 1
128 1
136 2
129 1
137 1
144 2
138 2
1435 1
3862 1
232 1
2992 1
146 1
3027 1
148 1
306 1
985 1
157 1
1448 1
165 1
158 1
159 1
403 1
182 1
52 1
60 3
53 1
191 1
61 9
3217 1
1482 1
264 1
5572 1
54 1
344 1
62 7
55 3
351 1
3896 1
10081 1
70 4
63 3
281 1
3313 1
57 2
64 3
1478 1
188 1
71 2
2600 1
65 5
58 1
512 1
72 1
520 4
66 3
283 1
59 1
80 2
74 4
521 1
507 1
600 1
514 2
67 4
75 1
508 1
68 2
429 1
451 1
69 2
83 2
76 2
279 1
517 1
77 5
84 2
91 1
78 2
92 5
85 2
526 1
93 2
79 1
3263 1
2529 1
86 1
87 3
94 2
606 1
88 2
4071 1
95 3
470 1
463 1
528 1
89 3
543 1
471 1
96 1
3431 1
1834 1
544 1
97 1
551 1
609 2
480 1
710 1
2713 1
99 5
618 1
539 1
5025 1
546 1
625 1
553 1
475 1
482 1
633 2
3277 1
640 1
469 2
706 1
548 1
477 1
2573 1
485 2
709 1
479 1
565 1
493 1
2805 1
2647 1
580 2
4318 1
488 1
3448 1
726 1
489 1
497 1
3393 1
498 1
3465 1
656 1
3631 1
665 1
586 1
593 1
738 1
