588 1
739 1
753 1
668 1
1072 1
2838 1
598 2
1225 1
692 1
915 1
100 1
758 1
9248 1
101 1
2927 1
102 2
781 1
918 1
1250 1
104 1
1237 1
105 1
927 1
2938 1
113 1
120 1
791 1
4378 1
1159 1
2124 1
951 1
201 1
944 1
1255 1
123 1
787 1
116 1
130 1
109 1
124 2
210 1
874 1
3920 1
132 1
1185 1
1192 1
869 1
1265 1
126 1
956 1
949 1
2065 1
971 1
3860 1
129 1
136 3
973 1
216 1
959 1
2147 1
151 1
894 1
3855 1
138 1
9465 1
139 1
2163 1
1357 1
3041 1
990 1
226 1
147 1
985 1
4751 1
3117 1
6178 1
3868 1
2997 1
318 1
50 1
4691 1
52 1
60 5
53 2
342 1
61 4
1712 1
54 2
502 3
2426 1
1706 1
62 7
55 2
186 1
70 4
510 1
56 2
503 1
63 3
3082 1
64 11
71 3
511 2
57 1
274 1
354 1
65 8
72 4
505 1
1565 1
58 2
1731 1
513 1
506 2
59 4
362 1
73 2
66 1
74 4
67 7
514 1
507 1
81 1
82 5
75 2
68 3
69 3
90 1
76 2
2519 1
84 3
91 2
92 2
78 1
85 1
2449 1
2463 1
604 1
79 3
93 3
86 4
526 1
533 2
7432 1
605 1
613 1
534 1
94 2
95 2
2552 1
89 2
3187 1
96 3
8148 1
3266 1
97 2
3432 1
702 2
98 3
538 1
624 1
473 1
3290 1
704 2
99 2
24791 1
3197 1
546 1
539 1
468 1
548 1
3292 1
3293 1
2660 1
643 2
4158 1
651 1
558 1
717 1
652 1
4089 1
3297 1
2807 1
732 1
567 1
496 1
569 2
4328 1
576 1
735 1
670 1
578 1
671 1
2832 1
1054 1
579 1
665 1
903 1
