588 1
100 1
922 1
101 1
837 1
103 2
3584 1
104 2
105 1
113 1
777 1
106 1
107 1
123 1
787 1
109 1
131 1
9278 1
118 1
132 1
126 1
207 1
217 1
138 1
153 1
314 1
321 1
1289 1
40 5
2167 1
41 6
42 11
35 4
50 8
43 7
36 2
37 6
51 4
44 6
52 7
45 6
38 2
39 7
46 6
60 2
53 6
4693 1
54 7
61 4
47 5
185 1
55 11
62 1
48 7
49 6
63 3
70 3
56 2
71 1
64 1
57 3
65 2
58 4
426 1
72 2
59 2
66 4
73 1
80 1
427 1
81 4
74 1
67 1
600 1
442 1
82 3
75 3
68 4
357 1
90 1
76 4
83 5
69 2
84 4
91 1
77 2
85 7
525 1
78 1
611 1
453 1
92 2
86 3
93 2
94 2
2537 1
87 2
95 2
614 1
88 1
464 1
550 1
458 1
472 1
466 2
98 1
467 1
555 1
706 1
628 2
570 1
571 1
478 1
629 1
709 1
19281 1
724 1
567 1
646 1
639 1
660 1
654 1
575 1
813 1
1124 1
1045 1
671 1
658 1
586 1
594 1
659 1
1141 1
587 1
